Supplemental results for CODEML (seqf: data/for_paml/all_aligned.phy  treef: data/for_paml/m2_all.fasta.treefile)


TREE #  1


dN/dS (w) for site classes (K=4)

site class             0        1       2a       2b
proportion       0.53133  0.46477  0.00208  0.00182
background w     0.08106  1.00000  0.08106  1.00000
foreground w     0.08106  1.00000  1.00000  1.00000

Naive Empirical Bayes (NEB) probabilities for 4 classes
(amino acids refer to 1st sequence: Aquila_chrysaetos_chrysaetos)

   1 M   0.98818 0.00883 0.00296 0.00003 ( 1)
   2 E   0.00016 0.99594 0.00001 0.00390 ( 2)
   3 K   0.98251 0.01434 0.00309 0.00006 ( 1)
   4 I   0.58758 0.40880 0.00202 0.00160 ( 1)
   5 N   0.77799 0.21868 0.00247 0.00086 ( 1)
   6 T   0.00044 0.99565 0.00002 0.00389 ( 2)
   7 Y   0.95911 0.03734 0.00340 0.00015 ( 1)
   8 C   0.94716 0.04951 0.00313 0.00019 ( 1)
   9 Q   0.94262 0.05405 0.00311 0.00021 ( 1)
  10 K   0.19236 0.80389 0.00061 0.00314 ( 2)
  11 Q   0.00258 0.99270 0.00084 0.00388 ( 2)
  12 K   0.40474 0.59181 0.00113 0.00232 ( 2)
  13 L   0.00032 0.99578 0.00001 0.00390 ( 2)
  14 R   0.00180 0.99423 0.00008 0.00389 ( 2)
  15 M   0.14782 0.84842 0.00044 0.00332 ( 2)
  16 T   0.00102 0.99508 0.00000 0.00389 ( 2)
  17 G   0.88642 0.11002 0.00312 0.00043 ( 1)
  18 P   0.94234 0.05431 0.00313 0.00021 ( 1)
  19 S   0.48948 0.50673 0.00181 0.00198 ( 2)
  20 H   0.98502 0.01197 0.00297 0.00005 ( 1)
  21 D   0.99286 0.00438 0.00274 0.00002 ( 1)
  22 P   0.47765 0.51871 0.00161 0.00203 ( 2)
  23 E   0.12680 0.86940 0.00040 0.00340 ( 2)
  24 F   0.90458 0.09193 0.00314 0.00036 ( 1)
  25 T   0.26972 0.72660 0.00084 0.00284 ( 2)
  26 V   0.13870 0.85750 0.00045 0.00335 ( 2)
  27 V   0.15927 0.83691 0.00054 0.00327 ( 2)
  28 V   0.78101 0.21573 0.00242 0.00084 ( 1)
  29 K   0.34998 0.64651 0.00098 0.00253 ( 2)
  30 I   0.99005 0.00704 0.00288 0.00003 ( 1)
  31 N   0.09593 0.90026 0.00029 0.00352 ( 2)
  32 D   0.00029 0.99582 0.00000 0.00390 ( 2)
  33 V   0.00652 0.98959 0.00002 0.00387 ( 2)
  34 E   0.88223 0.11470 0.00262 0.00045 ( 1)
  35 Y   0.97579 0.02107 0.00307 0.00008 ( 1)
  36 G   0.10418 0.89201 0.00032 0.00349 ( 2)
  37 T   0.00543 0.99068 0.00002 0.00388 ( 2)
  38 G   0.55419 0.44213 0.00195 0.00173 ( 1)
  39 T   0.00175 0.99435 0.00001 0.00389 ( 2)
  40 G   0.98327 0.01366 0.00302 0.00005 ( 1)
  41 K   0.88110 0.11596 0.00248 0.00045 ( 1)
  42 N   0.00006 0.99604 0.00000 0.00390 ( 2)
  43 K   0.97703 0.01981 0.00308 0.00008 ( 1)
  44 K   0.98790 0.00896 0.00310 0.00004 ( 1)
  45 E   0.41922 0.57735 0.00118 0.00226 ( 2)
  46 A   0.98295 0.01399 0.00301 0.00005 ( 1)
  47 K   0.92889 0.06824 0.00260 0.00027 ( 1)
  48 A   0.36379 0.63262 0.00111 0.00247 ( 2)
  49 V   0.01520 0.98038 0.00058 0.00384 ( 2)
  50 A   0.97321 0.02371 0.00298 0.00009 ( 1)
  51 A   0.98295 0.01399 0.00301 0.00005 ( 1)
  52 K   0.33544 0.66097 0.00101 0.00259 ( 2)
  53 K   0.31134 0.68511 0.00087 0.00268 ( 2)
  54 T   0.13627 0.85988 0.00048 0.00336 ( 2)
  55 W   0.16621 0.82993 0.00061 0.00325 ( 2)
  56 E   0.04115 0.95499 0.00013 0.00374 ( 2)
  57 M   0.00074 0.99536 0.00000 0.00389 ( 2)
  58 I   0.98552 0.01145 0.00299 0.00004 ( 1)
  59 E   0.22105 0.77523 0.00069 0.00303 ( 2)
  60 K   0.00106 0.99502 0.00002 0.00389 ( 2)
  61 F   0.74619 0.25043 0.00239 0.00098 ( 1)
  62 S   0.03295 0.96317 0.00011 0.00377 ( 2)
  63 C   0.63901 0.35748 0.00211 0.00140 ( 1)
  64 S   0.00002 0.99608 0.00000 0.00390 ( 2)
  65 C   0.52513 0.47128 0.00174 0.00184 ( 1)
  66 T   0.03789 0.95824 0.00013 0.00375 ( 2)
  67 I   0.98416 0.01281 0.00298 0.00005 ( 1)
  68 S   0.34207 0.65436 0.00101 0.00256 ( 2)
  69 G   0.82271 0.17408 0.00252 0.00068 ( 1)
  70 F   0.00011 0.99599 0.00000 0.00390 ( 2)
  71 V   0.79238 0.20419 0.00263 0.00080 ( 1)
  72 Y   0.97579 0.02107 0.00307 0.00008 ( 1)
  73 G   0.98359 0.01336 0.00300 0.00005 ( 1)
  74 S   0.00426 0.99184 0.00002 0.00388 ( 2)
  75 G   0.87855 0.11790 0.00310 0.00046 ( 1)
  76 T   0.00494 0.99114 0.00004 0.00388 ( 2)
  77 G   0.98457 0.01238 0.00300 0.00005 ( 1)
  78 T   0.07446 0.91449 0.00747 0.00358 ( 2)
  79 S   0.00197 0.99413 0.00001 0.00389 ( 2)
  80 V   0.01338 0.98218 0.00060 0.00384 ( 2)
  81 A   0.00797 0.98814 0.00002 0.00387 ( 2)
  82 A   0.07704 0.91912 0.00024 0.00360 ( 2)
  83 A   0.98295 0.01399 0.00301 0.00005 ( 1)
  84 K   0.22493 0.77142 0.00063 0.00302 ( 2)
  85 Q   0.10148 0.89469 0.00032 0.00350 ( 2)
  86 A   0.97539 0.02148 0.00305 0.00008 ( 1)
  87 A   0.97838 0.01850 0.00305 0.00007 ( 1)
  88 A   0.98105 0.01568 0.00321 0.00006 ( 1)
  89 K   0.99185 0.00535 0.00278 0.00002 ( 1)
  90 Q   0.00000 0.99610 0.00000 0.00390 ( 2)
  91 A   0.98105 0.01568 0.00321 0.00006 ( 1)
  92 L   0.16872 0.74417 0.08420 0.00291 ( 2)
  93 E   0.01453 0.98158 0.00005 0.00384 ( 2)
  94 K   0.00007 0.99603 0.00000 0.00390 ( 2)
  95 L   0.91489 0.08168 0.00311 0.00032 ( 1)
  96 H   0.00002 0.99608 0.00000 0.00390 ( 2)
  97 K   0.00011 0.99599 0.00000 0.00390 ( 2)
  98 Q   0.00081 0.99529 0.00000 0.00389 ( 2)
  99 L   0.82640 0.16997 0.00296 0.00066 ( 1)
 100 A   0.98257 0.01437 0.00301 0.00006 ( 1)
 101 A   0.07026 0.92513 0.00098 0.00362 ( 2)
 102 N   0.01366 0.98245 0.00005 0.00384 ( 2)
 103 F   0.93200 0.06477 0.00297 0.00025 ( 1)
 104 D   0.07788 0.91832 0.00021 0.00359 ( 2)
 105 N   0.00425 0.99186 0.00001 0.00388 ( 2)
 106 A   0.00051 0.99559 0.00000 0.00389 ( 2)
 107 E   0.17979 0.81645 0.00057 0.00319 ( 2)
 108 E   0.00019 0.99591 0.00000 0.00390 ( 2)
 109 Y   0.33491 0.66131 0.00119 0.00259 ( 2)
 110 T   0.97927 0.01764 0.00302 0.00007 ( 1)
 111 V   0.01245 0.98365 0.00004 0.00385 ( 2)
 112 N   0.08708 0.90675 0.00262 0.00355 ( 2)
 113 K   0.07006 0.92580 0.00051 0.00362 ( 2)
 114 R   0.98737 0.00965 0.00294 0.00004 ( 1)
 115 F   0.62836 0.36819 0.00200 0.00144 ( 1)
 116 L   0.04816 0.94798 0.00016 0.00371 ( 2)
 117 E   0.00109 0.99499 0.00003 0.00389 ( 2)
 118 S   0.00453 0.99049 0.00110 0.00387 ( 2)
 119 F   0.74619 0.25043 0.00239 0.00098 ( 1)
 120 K   0.93245 0.06468 0.00262 0.00025 ( 1)
 121 N   0.04495 0.95119 0.00014 0.00372 ( 2)
 122 I   0.99005 0.00704 0.00288 0.00003 ( 1)
 123 E   0.07241 0.92375 0.00023 0.00361 ( 2)
 124 P   0.00048 0.99562 0.00000 0.00389 ( 2)
 125 I   0.85129 0.14556 0.00258 0.00057 ( 1)
 126 G   0.96913 0.02779 0.00297 0.00011 ( 1)
 127 E   0.00000 0.99610 0.00000 0.00390 ( 2)
 128 G   0.98327 0.01366 0.00302 0.00005 ( 1)
 129 G   0.98042 0.01650 0.00302 0.00006 ( 1)
 130 F   0.97185 0.02495 0.00310 0.00010 ( 1)
 131 G   0.45344 0.54290 0.00154 0.00212 ( 2)
 132 N   0.99262 0.00462 0.00274 0.00002 ( 1)
 133 V   0.97598 0.02091 0.00303 0.00008 ( 1)
 134 F   0.88537 0.11108 0.00312 0.00043 ( 1)
 135 K   0.99101 0.00619 0.00278 0.00002 ( 1)
 136 A   0.98295 0.01399 0.00301 0.00005 ( 1)
 137 T   0.85619 0.14065 0.00261 0.00055 ( 1)
 138 G   0.00000 0.99610 0.00000 0.00390 ( 2)
 139 K   0.00444 0.99152 0.00016 0.00388 ( 2)
 140 L   0.00116 0.99490 0.00005 0.00389 ( 2)
 141 D   0.92320 0.07397 0.00254 0.00029 ( 1)
 142 E   0.13736 0.85884 0.00043 0.00336 ( 2)
 143 R   0.20950 0.78668 0.00075 0.00308 ( 2)
 144 T   0.04803 0.94809 0.00017 0.00371 ( 2)
 145 Y   0.97579 0.02107 0.00307 0.00008 ( 1)
 146 A   0.98000 0.01693 0.00300 0.00007 ( 1)
 147 V   0.00503 0.99105 0.00004 0.00388 ( 2)
 148 K   0.99101 0.00619 0.00278 0.00002 ( 1)
 149 R   0.44253 0.55376 0.00154 0.00217 ( 2)
 150 V   0.93894 0.05790 0.00293 0.00023 ( 1)
 151 N   0.91477 0.08238 0.00253 0.00032 ( 1)
 152 V   0.84884 0.14800 0.00258 0.00058 ( 1)
 153 K   0.00756 0.98855 0.00002 0.00387 ( 2)
 154 R   0.93975 0.05688 0.00316 0.00022 ( 1)
 155 E   0.98814 0.00905 0.00277 0.00004 ( 1)
 156 V   0.98072 0.01623 0.00299 0.00006 ( 1)
 157 K   0.39306 0.60347 0.00110 0.00236 ( 2)
 158 E   0.85083 0.14620 0.00240 0.00057 ( 1)
 159 L   0.93043 0.06624 0.00307 0.00026 ( 1)
 160 A   0.77597 0.22079 0.00238 0.00086 ( 1)
 161 R   0.00000 0.99610 0.00000 0.00390 ( 2)
 162 L   0.58735 0.40911 0.00194 0.00160 ( 1)
 163 D   0.00112 0.99499 0.00000 0.00389 ( 2)
 164 H   0.98517 0.01158 0.00321 0.00005 ( 1)
 165 E   0.93287 0.06426 0.00262 0.00025 ( 1)
 166 N   0.97956 0.01726 0.00311 0.00007 ( 1)
 167 I   0.96381 0.03325 0.00280 0.00013 ( 1)
 168 V   0.14379 0.85238 0.00049 0.00333 ( 2)
 169 R   0.83754 0.15882 0.00302 0.00062 ( 1)
 170 Y   0.97579 0.02107 0.00307 0.00008 ( 1)
 171 Y   0.90111 0.09566 0.00286 0.00037 ( 1)
 172 C   0.07982 0.91632 0.00027 0.00358 ( 2)
 173 S   0.06790 0.92824 0.00023 0.00363 ( 2)
 174 W   0.79758 0.19874 0.00291 0.00078 ( 1)
 175 K   0.00007 0.99603 0.00000 0.00390 ( 2)
 176 G   0.92451 0.07206 0.00315 0.00028 ( 1)
 177 Y   0.00026 0.99583 0.00001 0.00390 ( 2)
 178 D   0.97162 0.02519 0.00309 0.00010 ( 1)
 179 H   0.68726 0.30898 0.00255 0.00121 ( 1)
 180 T   0.00002 0.99608 0.00000 0.00390 ( 2)
 181 C   0.86474 0.13185 0.00290 0.00052 ( 1)
 182 L   0.94812 0.04856 0.00313 0.00019 ( 1)
 183 F   0.92658 0.06989 0.00326 0.00027 ( 1)
 184 I   0.90177 0.09474 0.00312 0.00037 ( 1)
 185 Q   0.97192 0.02489 0.00309 0.00010 ( 1)
 186 M   0.98818 0.00883 0.00296 0.00003 ( 1)
 187 E   0.99064 0.00654 0.00280 0.00003 ( 1)
 188 L   0.45014 0.54618 0.00154 0.00214 ( 2)
 189 C   0.95224 0.04444 0.00315 0.00017 ( 1)
 190 E   0.98521 0.01197 0.00277 0.00005 ( 1)
 191 Q   0.83764 0.15907 0.00267 0.00062 ( 1)
 192 G   0.95064 0.04594 0.00324 0.00018 ( 1)
 193 P   0.71317 0.28335 0.00237 0.00111 ( 1)
 194 L   0.82810 0.16828 0.00297 0.00066 ( 1)
 195 E   0.00013 0.99597 0.00000 0.00390 ( 2)
 196 N   0.00174 0.99436 0.00001 0.00389 ( 2)
 197 W   0.79758 0.19874 0.00291 0.00078 ( 1)
 198 I   0.98416 0.01281 0.00298 0.00005 ( 1)
 199 E   0.00598 0.99013 0.00002 0.00387 ( 2)
 200 K   0.00390 0.99212 0.00009 0.00388 ( 2)
 201 N   0.37867 0.61787 0.00104 0.00242 ( 2)
 202 R   0.86233 0.13447 0.00267 0.00053 ( 1)
 203 L   0.01029 0.98042 0.00545 0.00384 ( 2)
 204 D   0.00846 0.98730 0.00038 0.00386 ( 2)
 205 R   0.00907 0.98704 0.00003 0.00386 ( 2)
 206 K   0.28727 0.69897 0.01103 0.00273 ( 2)
 207 Y   0.54820 0.44833 0.00172 0.00175 ( 1)
 208 H   0.52159 0.47482 0.00173 0.00186 ( 1)
 209 E   0.00000 0.99610 0.00000 0.00390 ( 2)
 210 M   0.13586 0.86037 0.00041 0.00337 ( 2)
 211 A   0.66846 0.32821 0.00205 0.00128 ( 1)
 212 Q   0.50273 0.49374 0.00160 0.00193 ( 1)
 213 N   0.01051 0.98560 0.00003 0.00386 ( 2)
 214 K   0.90954 0.08756 0.00255 0.00034 ( 1)
 215 F   0.97185 0.02495 0.00310 0.00010 ( 1)
 216 L   0.00074 0.99537 0.00000 0.00389 ( 2)
 217 Q   0.97192 0.02489 0.00309 0.00010 ( 1)
 218 I   0.98816 0.00893 0.00288 0.00003 ( 1)
 219 L   0.35699 0.63917 0.00134 0.00250 ( 2)
 220 K   0.84601 0.15103 0.00237 0.00059 ( 1)
 221 G   0.98457 0.01238 0.00300 0.00005 ( 1)
 222 V   0.92589 0.07067 0.00316 0.00028 ( 1)
 223 K   0.87949 0.09007 0.03008 0.00035 ( 1)
 224 Y   0.97579 0.02107 0.00307 0.00008 ( 1)
 225 I   0.98416 0.01281 0.00298 0.00005 ( 1)
 226 H   0.98693 0.01006 0.00297 0.00004 ( 1)
 227 S   0.94275 0.05389 0.00315 0.00021 ( 1)
 228 K   0.92889 0.06824 0.00260 0.00027 ( 1)
 229 E   0.00077 0.99533 0.00001 0.00389 ( 2)
 230 L   0.27791 0.71832 0.00095 0.00281 ( 2)
 231 I   0.79112 0.20568 0.00240 0.00080 ( 1)
 232 H   0.97061 0.02635 0.00294 0.00010 ( 1)
 233 R   0.97075 0.02577 0.00338 0.00010 ( 1)
 234 D   0.97162 0.02519 0.00309 0.00010 ( 1)
 235 L   0.82745 0.16888 0.00301 0.00066 ( 1)
 236 K   0.97438 0.02246 0.00307 0.00009 ( 1)
 237 P   0.90987 0.08673 0.00306 0.00034 ( 1)
 238 Q   0.20957 0.78663 0.00072 0.00308 ( 2)
 239 N   0.98681 0.01044 0.00271 0.00004 ( 1)
 240 I   0.99005 0.00704 0.00288 0.00003 ( 1)
 241 F   0.87575 0.12070 0.00308 0.00047 ( 1)
 242 I   0.89330 0.10366 0.00263 0.00041 ( 1)
 243 S   0.91351 0.08292 0.00325 0.00032 ( 1)
 244 H   0.00255 0.99351 0.00005 0.00389 ( 2)
 245 E   0.99189 0.00530 0.00278 0.00002 ( 1)
 246 D   0.94535 0.05175 0.00270 0.00020 ( 1)
 247 K   0.92439 0.07273 0.00259 0.00028 ( 1)
 248 I   0.99005 0.00704 0.00288 0.00003 ( 1)
 249 K   0.99185 0.00535 0.00278 0.00002 ( 1)
 250 I   0.98927 0.00783 0.00288 0.00003 ( 1)
 251 G   0.98124 0.01545 0.00325 0.00006 ( 1)
 252 D   0.97162 0.02519 0.00309 0.00010 ( 1)
 253 F   0.97185 0.02495 0.00310 0.00010 ( 1)
 254 G   0.97999 0.01694 0.00301 0.00007 ( 1)
 255 L   0.94812 0.04856 0.00313 0.00019 ( 1)
 256 V   0.96568 0.03090 0.00330 0.00012 ( 1)
 257 T   0.97602 0.02086 0.00304 0.00008 ( 1)
 258 S   0.92333 0.07330 0.00309 0.00029 ( 1)
 259 V   0.08542 0.91072 0.00029 0.00356 ( 2)
 260 A   0.01796 0.97809 0.00012 0.00383 ( 2)
 261 Y   0.84624 0.15051 0.00266 0.00059 ( 1)
 262 G   0.00029 0.99550 0.00032 0.00389 ( 2)
 263 T   0.00594 0.98994 0.00025 0.00387 ( 2)
 264 L   0.23460 0.76156 0.00085 0.00298 ( 2)
 265 T   0.98110 0.01579 0.00305 0.00006 ( 1)
 266 E   0.02558 0.97042 0.00020 0.00380 ( 2)
 267 N   0.01688 0.97924 0.00005 0.00383 ( 2)
 268 R   0.60327 0.39328 0.00191 0.00154 ( 1)
 269 G   0.98457 0.01238 0.00300 0.00005 ( 1)
 270 T   0.98351 0.01344 0.00300 0.00005 ( 1)
 271 K   0.03525 0.96089 0.00010 0.00376 ( 2)
 272 S   0.43440 0.56190 0.00150 0.00220 ( 2)
 273 Y   0.96735 0.02949 0.00304 0.00012 ( 1)
 274 M   0.98818 0.00883 0.00296 0.00003 ( 1)
 275 A   0.04818 0.94796 0.00015 0.00371 ( 2)
 276 P   0.94720 0.04946 0.00315 0.00019 ( 1)
 277 E   0.99189 0.00530 0.00278 0.00002 ( 1)
 278 Q   0.90900 0.08753 0.00313 0.00034 ( 1)
 279 F   0.00005 0.99605 0.00000 0.00390 ( 2)
 280 G   0.97194 0.02466 0.00330 0.00010 ( 1)
 281 D   0.97162 0.02519 0.00309 0.00010 ( 1)
 282 R   0.10245 0.89375 0.00030 0.00350 ( 2)
 283 Y   0.97579 0.02107 0.00307 0.00008 ( 1)
 284 G   0.86084 0.13601 0.00262 0.00053 ( 1)
 285 K   0.00266 0.99344 0.00001 0.00389 ( 2)
 286 E   0.99189 0.00530 0.00278 0.00002 ( 1)
 287 V   0.97213 0.02482 0.00295 0.00010 ( 1)
 288 D   0.99286 0.00438 0.00274 0.00002 ( 1)
 289 I   0.98657 0.01040 0.00299 0.00004 ( 1)
 290 Y   0.71586 0.28079 0.00225 0.00110 ( 1)
 291 A   0.98089 0.01604 0.00301 0.00006 ( 1)
 292 L   0.87654 0.11981 0.00318 0.00047 ( 1)
 293 G   0.98457 0.01238 0.00300 0.00005 ( 1)
 294 L   0.90963 0.08691 0.00312 0.00034 ( 1)
 295 I   0.98416 0.01281 0.00298 0.00005 ( 1)
 296 W   0.00663 0.98947 0.00002 0.00387 ( 2)
 297 F   0.97185 0.02495 0.00310 0.00010 ( 1)
 298 E   0.99189 0.00530 0.00278 0.00002 ( 1)
 299 I   0.98416 0.01281 0.00298 0.00005 ( 1)
 300 L   0.62522 0.37127 0.00206 0.00145 ( 1)
 301 S   0.26754 0.72867 0.00094 0.00285 ( 2)
 302 A   0.32353 0.67285 0.00099 0.00263 ( 2)
 303 F   0.09243 0.90043 0.00362 0.00352 ( 2)
 304 S   0.20635 0.78995 0.00061 0.00309 ( 2)
 305 G   0.00000 0.99610 0.00000 0.00390 ( 2)
 306 H   0.02128 0.97484 0.00006 0.00381 ( 2)
 307 E   0.98695 0.00991 0.00310 0.00004 ( 1)
 308 K   0.99185 0.00535 0.00278 0.00002 ( 1)
 309 I   0.00001 0.99610 0.00000 0.00390 ( 2)
 310 K   0.77041 0.22628 0.00243 0.00089 ( 1)
 311 V   0.09814 0.89805 0.00030 0.00351 ( 2)
 312 W   0.79758 0.19874 0.00291 0.00078 ( 1)
 313 H   0.00002 0.99608 0.00000 0.00390 ( 2)
 314 D   0.02226 0.97387 0.00006 0.00381 ( 2)
 315 V   0.85544 0.14136 0.00265 0.00055 ( 1)
 316 R   0.89655 0.10039 0.00267 0.00039 ( 1)
 317 E   0.00616 0.98995 0.00002 0.00387 ( 2)
 318 G   0.67718 0.31949 0.00208 0.00125 ( 1)
 319 Q   0.00000 0.99610 0.00000 0.00390 ( 2)
 320 L   0.04387 0.95225 0.00016 0.00373 ( 2)
 321 P   0.94784 0.04882 0.00315 0.00019 ( 1)
 322 E   0.01880 0.97731 0.00006 0.00382 ( 2)
 323 S   0.00012 0.99599 0.00000 0.00390 ( 2)
 324 F   0.87575 0.12070 0.00308 0.00047 ( 1)
 325 T   0.02322 0.97289 0.00008 0.00381 ( 2)
 326 K   0.05707 0.93909 0.00017 0.00367 ( 2)
 327 Q   0.00052 0.99558 0.00000 0.00389 ( 2)
 328 F   0.97185 0.02495 0.00310 0.00010 ( 1)
 329 K   0.27533 0.72107 0.00078 0.00282 ( 2)
 330 K   0.01405 0.98198 0.00013 0.00384 ( 2)
 331 M   0.54835 0.44826 0.00164 0.00175 ( 1)
 332 L   0.92793 0.06875 0.00306 0.00027 ( 1)
 333 S   0.90650 0.09002 0.00313 0.00035 ( 1)
 334 R   0.00017 0.99593 0.00001 0.00390 ( 2)
 335 D   0.79283 0.20385 0.00252 0.00080 ( 1)
 336 P   0.00023 0.99588 0.00000 0.00390 ( 2)
 337 S   0.00008 0.99603 0.00000 0.00390 ( 2)
 338 G   0.02852 0.96533 0.00238 0.00378 ( 2)
 339 R   0.98680 0.01022 0.00294 0.00004 ( 1)
 340 Y   0.00428 0.99178 0.00006 0.00388 ( 2)
 341 S   0.51871 0.47768 0.00173 0.00187 ( 1)
 342 A   0.82837 0.16843 0.00254 0.00066 ( 1)
 343 S   0.53060 0.46581 0.00177 0.00182 ( 1)
 344 E   0.00000 0.99610 0.00000 0.00390 ( 2)
 345 I   0.85626 0.14070 0.00249 0.00055 ( 1)
 346 L   0.37331 0.62302 0.00124 0.00244 ( 2)
 347 E   0.00189 0.99421 0.00001 0.00389 ( 2)
 348 F   0.12950 0.86669 0.00042 0.00339 ( 2)
 349 F   0.03827 0.95658 0.00140 0.00374 ( 2)
 350 K   0.97703 0.01981 0.00308 0.00008 ( 1)
 351 S   0.00769 0.98842 0.00003 0.00387 ( 2)
 352 V   0.00103 0.99507 0.00000 0.00389 ( 2)
 353 D   0.03076 0.96538 0.00008 0.00378 ( 2)
 354 K   0.99101 0.00619 0.00278 0.00002 ( 1)
 355 D   0.01633 0.97978 0.00005 0.00383 ( 2)
 356 N   0.49480 0.50167 0.00157 0.00196 ( 2)
 357 S   0.00029 0.99582 0.00000 0.00390 ( 2)
 358 F   0.00000 0.99610 0.00000 0.00390 ( 2)
 359 K   0.00011 0.99600 0.00000 0.00390 ( 2)
 360 I   0.00123 0.99430 0.00058 0.00389 ( 2)
 361 H   0.01584 0.98028 0.00005 0.00383 ( 2)
 362 T   0.79838 0.19834 0.00250 0.00078 ( 1)
 363 R   0.00037 0.99573 0.00000 0.00390 ( 2)


lnL = -5037.479658

Ancestral reconstruction by CODONML.

(Aquila_chrysaetos_chrysaetos: 0.198753, gallus_gallus: 0.456972, (Struthio_camelus_australis: 0.283804, ((((Gopherus_evgoodei: 0.031906, Chelonoidis_abingdonii: 0.042958): 0.015312, Terrapene_carolina_triunguis: 0.053308): 0.055648, Pelodiscus_sinensis: 0.366801): 0.391111, Crocodylus_porosus: 0.694927): 0.795170): 0.131441);

(1, 2, (3, ((((4, 6), 5), 7), 8)));

   9..1     9..2     9..10   10..3    10..11   11..12   12..13   13..14   14..4    14..6    13..5    12..7    11..8  

tree with node labels for Rod Page's TreeView
(1_Aquila_chrysaetos_chrysaetos, 2_gallus_gallus, (3_Struthio_camelus_australis, ((((4_Gopherus_evgoodei, 6_Chelonoidis_abingdonii) 14 , 5_Terrapene_carolina_triunguis) 13 , 7_Pelodiscus_sinensis) 12 , 8_Crocodylus_porosus) 11 ) 10 ) 9 ;

Nodes 9 to 14 are ancestral

(1) Marginal reconstruction of ancestral sequences
(eqn. 4 in Yang et al. 1995 Genetics 141:1641-1650).

Prob of best state at each node, listed by site

   site   Freq   Data: 

   1      3   ATG (M) ATG (M) ATG (M) ATG (M) ATG (M) ATG (M) ATG (M) ATG (M) :  ATG M 1.000 (M 1.000) ATG M 1.000 (M 1.000) ATG M 1.000 (M 1.000) ATG M 1.000 (M 1.000) ATG M 1.000 (M 1.000) ATG M 1.000 (M 1.000)
   2      1   GAG (E) GGC (G) GCC (A) GGA (G) GGA (G) GGA (G) GGC (G) AAA (K) :  GAC D 0.457 (D 0.469) GAC D 0.407 (D 0.418) GGA G 0.362 (G 0.509) GGA G 0.813 (G 0.992) GGA G 1.000 (G 1.000) GGA G 1.000 (G 1.000)
   3      1   AAG (K) AAG (K) AAG (K) AAA (K) AAA (K) AAA (K) AAA (K) AAG (K) :  AAG K 0.995 (K 1.000) AAG K 0.986 (K 1.000) AAG K 0.608 (K 0.999) AAA K 0.979 (K 1.000) AAA K 1.000 (K 1.000) AAA K 1.000 (K 1.000)
   4      1   ATC (I) ATC (I) ATT (I) CTT (L) CTT (L) CTT (L) CTT (L) CTT (L) :  ATC I 0.920 (I 0.999) ATT I 0.699 (I 0.994) CTT L 0.970 (L 0.979) CTT L 1.000 (L 1.000) CTT L 1.000 (L 1.000) CTT L 1.000 (L 1.000)
   5      1   AAC (N) AAC (N) AAC (N) CAT (H) CAT (H) CAT (H) CAT (H) AAT (N) :  AAC N 0.996 (N 1.000) AAC N 0.980 (N 0.998) AAT N 0.796 (N 0.885) CAT H 0.997 (H 0.998) CAT H 1.000 (H 1.000) CAT H 1.000 (H 1.000)
   6      1   ACT (T) AGG (R) AGT (S) GAA (E) GAA (E) GAA (E) GAA (E) GAA (E) :  AGT S 0.804 (S 0.805) AGT S 0.828 (S 0.830) GAA E 0.534 (E 0.572) GAA E 0.976 (E 0.980) GAA E 1.000 (E 1.000) GAA E 1.000 (E 1.000)
   7      1   TAC (Y) TAC (Y) TAT (Y) TAT (Y) TAT (Y) TAT (Y) TAT (Y) TAT (Y) :  TAC Y 0.936 (Y 1.000) TAT Y 0.638 (Y 1.000) TAT Y 0.960 (Y 0.999) TAT Y 0.999 (Y 1.000) TAT Y 1.000 (Y 1.000) TAT Y 1.000 (Y 1.000)
   8      1   TGT (C) TGC (C) TGT (C) TGT (C) TGT (C) TGT (C) TGT (C) TGT (C) :  TGT C 0.990 (C 1.000) TGT C 0.998 (C 1.000) TGT C 1.000 (C 1.000) TGT C 1.000 (C 1.000) TGT C 1.000 (C 1.000) TGT C 1.000 (C 1.000)
   9      1   CAA (Q) CAG (Q) CAG (Q) CAG (Q) CAA (Q) CAA (Q) CAG (Q) CAA (Q) :  CAG Q 0.753 (Q 1.000) CAG Q 0.791 (Q 1.000) CAA Q 0.639 (Q 1.000) CAA Q 0.643 (Q 1.000) CAA Q 0.747 (Q 1.000) CAA Q 0.742 (Q 1.000)
  10      1   AAG (K) AAG (K) AAG (K) AAG (K) AAG (K) AAG (K) AAG (K) GCA (A) :  AAG K 0.994 (K 0.997) AAG K 0.983 (K 0.993) AAG K 0.608 (K 0.814) AAG K 0.990 (K 0.996) AAG K 1.000 (K 1.000) AAG K 1.000 (K 1.000)
  11      1   CAG (Q) AAT (N) AAT (N) AAT (N) AAT (N) AAT (N) CAT (H) CAT (H) :  CAT H 0.449 (H 0.452) AAT N 0.457 (N 0.466) CAT H 0.605 (H 0.609) AAT N 0.511 (N 0.511) AAT N 0.997 (N 0.997) AAT N 1.000 (N 1.000)
  12      1   AAA (K) AAA (K) AAA (K) AAA (K) AAA (K) AAA (K) AAG (K) GGA (G) :  AAA K 0.979 (K 0.985) AAA K 0.960 (K 0.970) AAA K 0.673 (K 0.701) AAA K 0.935 (K 0.989) AAA K 0.999 (K 1.000) AAA K 1.000 (K 1.000)
  13      1   CTG (L) TAC (Y) TTT (F) TTA (L) TTA (L) TTA (L) ATT (I) TTA (L) :  TTT F 0.456 (F 0.627) TTT F 0.575 (F 0.701) TTA L 0.891 (L 0.924) TTA L 0.936 (L 0.941) TTA L 1.000 (L 1.000) TTA L 1.000 (L 1.000)
  14      1   AGG (R) GAC (D) CAG (Q) AAA (K) AAA (K) AAA (K) AAA (K) AAG (K) :  AAG K 0.734 (K 0.749) AAG K 0.699 (K 0.713) AAG K 0.605 (K 0.897) AAA K 0.964 (K 0.991) AAA K 1.000 (K 1.000) AAA K 1.000 (K 1.000)
  15      1   ATG (M) ATG (M) AAG (K) GTG (V) GTG (V) GTG (V) GTA (V) GTG (V) :  ATG M 0.993 (M 0.993) ATG M 0.938 (M 0.938) GTG V 0.917 (V 0.928) GTG V 0.981 (V 0.999) GTG V 1.000 (V 1.000) GTG V 1.000 (V 1.000)
  16      1   ACC (T) AGA (R) ACT (T) GAA (E) GAA (E) GAA (E) GAT (D) GAA (E) :  ACC T 0.366 (T 0.943) ACT T 0.424 (T 0.931) GAA E 0.508 (E 0.538) GAA E 0.881 (E 0.893) GAA E 0.999 (E 0.999) GAA E 1.000 (E 1.000)
  17      1   GGC (G) GGC (G) GGC (G) GGC (G) GGC (G) GGC (G) GGT (G) GGC (G) :  GGC G 1.000 (G 1.000) GGC G 1.000 (G 1.000) GGC G 0.998 (G 1.000) GGC G 0.992 (G 1.000) GGC G 1.000 (G 1.000) GGC G 1.000 (G 1.000)
  18      1   CCA (P) CCA (P) CCT (P) CCT (P) CCT (P) CCT (P) CCT (P) CCA (P) :  CCA P 0.977 (P 1.000) CCA P 0.527 (P 1.000) CCT P 0.506 (P 1.000) CCT P 0.998 (P 1.000) CCT P 1.000 (P 1.000) CCT P 1.000 (P 1.000)
  19      1   TCT (S) TCT (S) CCT (P) CCT (P) CCT (P) CCT (P) CCT (P) CCT (P) :  TCT S 0.951 (S 0.951) CCT P 0.893 (P 0.893) CCT P 0.994 (P 0.994) CCT P 1.000 (P 1.000) CCT P 1.000 (P 1.000) CCT P 1.000 (P 1.000)
  20      1   CAT (H) CAC (H) CAT (H) CAT (H) CAT (H) CAT (H) CAT (H) CAT (H) :  CAT H 0.974 (H 1.000) CAT H 0.990 (H 1.000) CAT H 0.996 (H 1.000) CAT H 1.000 (H 1.000) CAT H 1.000 (H 1.000) CAT H 1.000 (H 1.000)
  21      2   GAT (D) GAC (D) GAT (D) GAT (D) GAT (D) GAT (D) GAT (D) GAT (D) :  GAT D 0.936 (D 1.000) GAT D 0.964 (D 1.000) GAT D 0.976 (D 0.999) GAT D 0.998 (D 1.000) GAT D 1.000 (D 1.000) GAT D 1.000 (D 1.000)
  22      1   CCT (P) CCT (P) CCT (P) CGT (R) CGT (R) CGT (R) CGT (R) CCC (P) :  CCT P 1.000 (P 1.000) CCT P 0.999 (P 1.000) CCT P 0.904 (P 0.952) CGT R 0.998 (R 0.998) CGT R 1.000 (R 1.000) CGT R 1.000 (R 1.000)
  23      1   GAG (E) GAG (E) GAA (E) GTG (V) GTG (V) GTG (V) GTG (V) AAG (K) :  GAG E 0.963 (E 0.996) GAG E 0.822 (E 0.983) GAG E 0.633 (E 0.668) GTG V 0.993 (V 0.994) GTG V 1.000 (V 1.000) GTG V 1.000 (V 1.000)
  24      1   TTC (F) TTT (F) TTT (F) TTC (F) TTC (F) TTC (F) TTC (F) TTC (F) :  TTC F 0.649 (F 1.000) TTC F 0.629 (F 1.000) TTC F 0.987 (F 1.000) TTC F 1.000 (F 1.000) TTC F 1.000 (F 1.000) TTC F 1.000 (F 1.000)
  25      1   ACA (T) GAA (E) ACA (T) ACT (T) ACT (T) ACT (T) ACT (T) ACT (T) :  ACA T 0.966 (T 0.968) ACA T 0.974 (T 0.986) ACT T 0.916 (T 0.983) ACT T 0.998 (T 0.999) ACT T 1.000 (T 1.000) ACT T 1.000 (T 1.000)
  26      1   GTT (V) GTT (V) ATT (I) GTC (V) GTC (V) GTC (V) GTC (V) ATT (I) :  GTT V 0.944 (V 0.947) GTT V 0.740 (V 0.747) GTT V 0.489 (V 0.776) GTC V 0.993 (V 0.999) GTC V 1.000 (V 1.000) GTC V 1.000 (V 1.000)
  27      1   GTG (V) GTG (V) GTG (V) ATG (M) ATG (M) ATG (M) ATG (M) AAG (K) :  GTG V 0.998 (V 0.998) GTG V 0.988 (V 0.989) ATG M 0.856 (M 0.856) ATG M 0.998 (M 0.998) ATG M 1.000 (M 1.000) ATG M 1.000 (M 1.000)
  28      1   GTT (V) GTT (V) GTT (V) GTT (V) GTT (V) GTT (V) GTT (V) GCT (A) :  GTT V 0.998 (V 0.999) GTT V 0.996 (V 0.998) GTT V 0.935 (V 0.942) GTT V 0.998 (V 0.999) GTT V 1.000 (V 1.000) GTT V 1.000 (V 1.000)
  29      1   AAA (K) AAA (K) AAA (K) GTA (V) GTA (V) GTA (V) GTA (V) GTA (V) :  AAA K 0.971 (K 0.976) AAA K 0.933 (K 0.938) GTA V 0.832 (V 0.842) GTA V 0.995 (V 0.996) GTA V 1.000 (V 1.000) GTA V 1.000 (V 1.000)
  30      4   ATA (I) ATA (I) ATA (I) ATA (I) ATA (I) ATA (I) ATA (I) ATA (I) :  ATA I 1.000 (I 1.000) ATA I 0.999 (I 1.000) ATA I 0.997 (I 0.999) ATA I 1.000 (I 1.000) ATA I 1.000 (I 1.000) ATA I 1.000 (I 1.000)
  31      1   AAC (N) AAT (N) AAT (N) GGT (G) GGT (G) GGT (G) AAT (N) AAT (N) :  AAT N 0.652 (N 0.984) AAT N 0.780 (N 0.959) AAT N 0.428 (N 0.451) GGT G 0.464 (G 0.464) GGT G 0.998 (G 0.998) GGT G 1.000 (G 1.000)
  32      1   GAT (D) GGT (G) AAT (N) GAC (D) GAC (D) GAC (D) GGT (G) AAA (K) :  GAT D 0.855 (D 0.859) GAT D 0.657 (D 0.667) GAC D 0.298 (D 0.566) GAC D 0.724 (D 0.964) GAC D 0.999 (D 1.000) GAC D 1.000 (D 1.000)
  33      1   GTA (V) GTG (V) GAA (E) AGA (R) AGA (R) AGA (R) AAA (K) AAA (K) :  GTA V 0.878 (V 0.922) GAA E 0.457 (E 0.470) AAA K 0.390 (K 0.401) AGA R 0.811 (R 0.811) AGA R 0.999 (R 0.999) AGA R 1.000 (R 1.000)
  34      1   GAA (E) AAG (K) GAA (E) GAG (E) GAG (E) GAG (E) GAA (E) GAA (E) :  GAA E 0.897 (E 0.984) GAA E 0.915 (E 0.991) GAA E 0.635 (E 0.989) GAG E 0.747 (E 0.999) GAG E 0.999 (E 1.000) GAG E 1.000 (E 1.000)
  35      6   TAT (Y) TAT (Y) TAT (Y) TAT (Y) TAT (Y) TAT (Y) TAT (Y) TAT (Y) :  TAT Y 1.000 (Y 1.000) TAT Y 0.999 (Y 1.000) TAT Y 0.996 (Y 1.000) TAT Y 1.000 (Y 1.000) TAT Y 1.000 (Y 1.000) TAT Y 1.000 (Y 1.000)
  36      1   GGT (G) GGT (G) GGT (G) CCT (P) CCT (P) CCT (P) CCT (P) CCT (P) :  GGT G 0.996 (G 0.997) GGT G 0.978 (G 0.978) CCT P 0.948 (P 0.948) CCT P 1.000 (P 1.000) CCT P 1.000 (P 1.000) CCT P 1.000 (P 1.000)
  37      1   ACA (T) ACA (T) ACA (T) GTT (V) GTA (V) GTA (V) CCA (P) CCA (P) :  ACA T 0.995 (T 0.995) ACA T 0.979 (T 0.980) CCA P 0.494 (P 0.494) CCA P 0.313 (P 0.313) GTA V 0.994 (V 0.994) GTA V 0.995 (V 1.000)
  38      1   GGC (G) GGC (G) GGC (G) GCT (A) GCT (A) GCT (A) GCT (A) GCT (A) :  GGC G 0.999 (G 1.000) GGC G 0.992 (G 0.999) GCT A 0.875 (A 0.945) GCT A 0.998 (A 0.999) GCT A 1.000 (A 1.000) GCT A 1.000 (A 1.000)
  39      1   ACT (T) GTT (V) ACT (T) ACA (T) ACA (T) ACA (T) ACA (T) GAA (E) :  ACT T 0.925 (T 0.926) ACT T 0.944 (T 0.953) ACA T 0.663 (T 0.735) ACA T 0.994 (T 0.995) ACA T 1.000 (T 1.000) ACA T 1.000 (T 1.000)
  40      2   GGT (G) GGT (G) GGT (G) GGT (G) GGT (G) GGT (G) GGT (G) GGT (G) :  GGT G 1.000 (G 1.000) GGT G 1.000 (G 1.000) GGT G 0.998 (G 1.000) GGT G 1.000 (G 1.000) GGT G 1.000 (G 1.000) GGT G 1.000 (G 1.000)
  41      1   AAA (K) AAG (K) AAA (K) AAA (K) AAA (K) AAA (K) AAA (K) CAA (Q) :  AAA K 0.922 (K 0.998) AAA K 0.950 (K 0.996) AAA K 0.924 (K 0.948) AAA K 0.996 (K 0.998) AAA K 1.000 (K 1.000) AAA K 1.000 (K 1.000)
  42      1   AAT (N) AGT (S) TCT (S) AAC (N) AAC (N) AAC (N) AAC (N) TCC (S) :  AAT N 0.591 (N 0.594) ACT T 0.267 (T 0.270) AAC N 0.253 (N 0.286) AAC N 0.987 (N 0.991) AAC N 1.000 (N 1.000) AAC N 1.000 (N 1.000)
  43      2   AAG (K) AAG (K) AAG (K) AAG (K) AAG (K) AAG (K) AAG (K) AAA (K) :  AAG K 0.997 (K 1.000) AAG K 0.991 (K 1.000) AAG K 0.814 (K 0.999) AAG K 0.995 (K 1.000) AAG K 1.000 (K 1.000) AAG K 1.000 (K 1.000)
  44      1   AAG (K) AAG (K) AAA (K) AAA (K) AAA (K) AAA (K) AAA (K) AAA (K) :  AAG K 0.881 (K 1.000) AAA K 0.524 (K 1.000) AAA K 0.903 (K 0.999) AAA K 0.995 (K 1.000) AAA K 1.000 (K 1.000) AAA K 1.000 (K 1.000)
  45      1   GAA (E) GAA (E) GAA (E) GAG (E) GAG (E) GAG (E) GAT (D) AAA (K) :  GAA E 0.979 (E 0.989) GAA E 0.957 (E 0.980) GAA E 0.521 (E 0.854) GAG E 0.889 (E 0.963) GAG E 0.999 (E 1.000) GAG E 1.000 (E 1.000)
  46      4   GCA (A) GCA (A) GCA (A) GCA (A) GCA (A) GCA (A) GCA (A) GCA (A) :  GCA A 1.000 (A 1.000) GCA A 0.999 (A 1.000) GCA A 0.995 (A 1.000) GCA A 1.000 (A 1.000) GCA A 1.000 (A 1.000) GCA A 1.000 (A 1.000)
  47      2   AAA (K) AAA (K) AAA (K) AAA (K) AAA (K) AAA (K) AAA (K) GAA (E) :  AAA K 0.994 (K 0.999) AAA K 0.989 (K 0.997) AAA K 0.931 (K 0.955) AAA K 0.997 (K 0.999) AAA K 1.000 (K 1.000) AAA K 1.000 (K 1.000)
  48      1   GCA (A) GCT (A) GCA (A) GAA (E) GAA (E) GAA (E) GAA (E) GAT (D) :  GCA A 0.973 (A 0.997) GCA A 0.973 (A 0.989) GAA E 0.747 (E 0.790) GAA E 0.988 (E 0.992) GAA E 1.000 (E 1.000) GAA E 1.000 (E 1.000)
  49      1   GTA (V) GCA (A) GCA (A) GAG (E) GAG (E) GAG (E) AAG (K) GCA (A) :  GCA A 0.820 (A 0.821) GCA A 0.888 (A 0.892) GCA A 0.485 (A 0.613) GAG E 0.931 (E 0.960) GAG E 1.000 (E 1.000) GAG E 1.000 (E 1.000)
  50      1   GCA (A) GCA (A) GCA (A) GCC (A) GCC (A) GCC (A) GCT (A) GCA (A) :  GCA A 0.999 (A 1.000) GCA A 0.997 (A 1.000) GCA A 0.779 (A 1.000) GCC A 0.831 (A 1.000) GCC A 1.000 (A 1.000) GCC A 1.000 (A 1.000)
  51      4   GCA (A) GCA (A) GCA (A) GCA (A) GCA (A) GCA (A) GCA (A) GCA (A) :  GCA A 1.000 (A 1.000) GCA A 0.999 (A 1.000) GCA A 0.995 (A 1.000) GCA A 1.000 (A 1.000) GCA A 1.000 (A 1.000) GCA A 1.000 (A 1.000)
  52      1   AAA (K) GCA (A) AAA (K) AAG (K) AAG (K) AAG (K) AAG (K) AAA (K) :  AAA K 0.894 (K 0.900) AAA K 0.914 (K 0.937) AAA K 0.479 (K 0.937) AAG K 0.988 (K 0.998) AAG K 1.000 (K 1.000) AAG K 1.000 (K 1.000)
  53      1   AAA (K) AAA (K) AAA (K) GCA (A) GCA (A) GCA (A) GCA (A) GCT (A) :  AAA K 0.968 (K 0.973) AAA K 0.924 (K 0.930) GCA A 0.780 (A 0.866) GCA A 0.996 (A 0.997) GCA A 1.000 (A 1.000) GCA A 1.000 (A 1.000)
  54      1   ACC (T) ACG (T) TCG (S) GCA (A) GCA (A) GCA (A) GCA (A) GCA (A) :  ACG T 0.903 (T 0.985) ACG T 0.693 (T 0.739) GCA A 0.792 (A 0.885) GCA A 0.995 (A 0.997) GCA A 1.000 (A 1.000) GCA A 1.000 (A 1.000)
  55      1   TGG (W) TGG (W) TGG (W) TGG (W) TGG (W) TGG (W) TGG (W) CTG (L) :  TGG W 1.000 (W 1.000) TGG W 1.000 (W 1.000) TGG W 0.970 (W 0.970) TGG W 1.000 (W 1.000) TGG W 1.000 (W 1.000) TGG W 1.000 (W 1.000)
  56      1   GAA (E) GAC (D) GAA (E) GAT (D) GAT (D) GAT (D) AAT (N) GAG (E) :  GAA E 0.857 (E 0.893) GAA E 0.851 (E 0.900) GAG E 0.341 (E 0.578) GAT D 0.932 (D 0.936) GAT D 0.999 (D 0.999) GAT D 1.000 (D 1.000)
  57      1   ATG (M) ATG (M) ATG (M) AGC (S) AGC (S) AGC (S) ATC (I) TCT (S) :  ATG M 0.998 (M 0.998) ATG M 0.985 (M 0.985) ATC I 0.264 (I 0.545) ATC I 0.522 (I 0.525) AGC S 1.000 (S 1.000) AGC S 1.000 (S 1.000)
  58      1   ATT (I) ATT (I) ATA (I) ATA (I) ATA (I) ATA (I) ATA (I) ATT (I) :  ATT I 0.940 (I 1.000) ATT I 0.550 (I 1.000) ATA I 0.528 (I 0.999) ATA I 0.995 (I 1.000) ATA I 1.000 (I 1.000) ATA I 1.000 (I 1.000)
  59      1   GAG (E) GAG (E) GAA (E) GCA (A) GCA (A) GCG (A) ACA (T) GAA (E) :  GAG E 0.892 (E 0.995) GAA E 0.507 (E 0.980) GAA E 0.578 (E 0.629) GCA A 0.952 (A 0.954) GCA A 0.999 (A 1.000) GCA A 0.995 (A 1.000)
  60      1   AAA (K) CCA (P) GAA (E) CAA (Q) CAG (Q) CAA (Q) CAA (Q) AAA (K) :  AAA K 0.399 (K 0.400) CAA Q 0.377 (Q 0.377) CAA Q 0.632 (Q 0.638) CAA Q 0.986 (Q 0.997) CAA Q 0.984 (Q 1.000) CAA Q 1.000 (Q 1.000)
  61      2   TTT (F) TAT (Y) TTT (F) TTT (F) TTT (F) TTT (F) TTT (F) TTT (F) :  TTT F 0.997 (F 0.997) TTT F 0.999 (F 0.999) TTT F 0.997 (F 0.998) TTT F 1.000 (F 1.000) TTT F 1.000 (F 1.000) TTT F 1.000 (F 1.000)
  62      1   TCT (S) TCT (S) TTG (L) TCT (S) TCT (S) TCT (S) TCT (S) ACT (T) :  TCT S 0.989 (S 0.991) TCT S 0.885 (S 0.909) TCT S 0.951 (S 0.953) TCT S 1.000 (S 1.000) TCT S 1.000 (S 1.000) TCT S 1.000 (S 1.000)
  63      1   TGT (C) TGT (C) TGT (C) TAT (Y) TAT (Y) TAT (Y) TAT (Y) TGT (C) :  TGT C 1.000 (C 1.000) TGT C 1.000 (C 1.000) TGT C 0.942 (C 0.942) TAT Y 0.992 (Y 0.992) TAT Y 1.000 (Y 1.000) TAT Y 1.000 (Y 1.000)
  64      1   AGC (S) AGC (S) ACT (T) AGC (S) AGC (S) AGC (S) GTC (V) TCC (S) :  AGC S 0.987 (S 0.990) AGC S 0.718 (S 0.757) AGC S 0.678 (S 0.689) AGC S 0.856 (S 0.856) AGC S 1.000 (S 1.000) AGC S 1.000 (S 1.000)
  65      1   TGT (C) TGT (C) TAC (Y) TGT (C) TGT (C) TGT (C) TGT (C) TGC (C) :  TGT C 0.977 (C 0.996) TGT C 0.760 (C 0.959) TGT C 0.748 (C 0.997) TGT C 0.998 (C 1.000) TGT C 1.000 (C 1.000) TGT C 1.000 (C 1.000)
  66      1   ACA (T) GTA (V) ACA (T) AAA (K) AAA (K) AAA (K) AAA (K) AAA (K) :  ACA T 0.907 (T 0.907) ACA T 0.927 (T 0.928) AAA K 0.715 (K 0.738) AAA K 0.984 (K 0.986) AAA K 1.000 (K 1.000) AAA K 1.000 (K 1.000)
  67      5   ATT (I) ATT (I) ATT (I) ATT (I) ATT (I) ATT (I) ATT (I) ATT (I) :  ATT I 0.999 (I 1.000) ATT I 0.998 (I 1.000) ATT I 0.991 (I 0.999) ATT I 0.999 (I 1.000) ATT I 1.000 (I 1.000) ATT I 1.000 (I 1.000)
  68      1   AGT (S) AGT (S) AGT (S) GGT (G) GGT (G) GGT (G) GAC (D) AGT (S) :  AGT S 0.999 (S 0.999) AGT S 0.995 (S 0.995) AGT S 0.784 (S 0.786) GGT G 0.952 (G 0.957) GGT G 1.000 (G 1.000) GGT G 1.000 (G 1.000)
  69      1   GGT (G) GGT (G) GGT (G) GAT (D) GAT (D) GAT (D) GAT (D) GGG (G) :  GGT G 1.000 (G 1.000) GGT G 0.998 (G 0.999) GGT G 0.888 (G 0.939) GAT D 0.990 (D 0.991) GAT D 1.000 (D 1.000) GAT D 1.000 (D 1.000)
  70      1   TTT (F) CAT (H) TTT (F) AAG (K) AAG (K) AAG (K) AAG (K) AAT (N) :  TTT F 0.875 (F 0.875) TTT F 0.879 (F 0.879) AAT N 0.548 (N 0.582) AAG K 0.983 (K 0.988) AAG K 1.000 (K 1.000) AAG K 1.000 (K 1.000)
  71      1   GTG (V) GTA (V) GTT (V) ATT (I) ATT (I) ATT (I) ATT (I) ATT (I) :  GTG V 0.478 (V 0.999) GTT V 0.812 (V 0.995) ATT I 0.940 (I 0.956) ATT I 0.998 (I 0.999) ATT I 1.000 (I 1.000) ATT I 1.000 (I 1.000)
  72      6   TAT (Y) TAT (Y) TAT (Y) TAT (Y) TAT (Y) TAT (Y) TAT (Y) TAT (Y) :  TAT Y 1.000 (Y 1.000) TAT Y 0.999 (Y 1.000) TAT Y 0.996 (Y 1.000) TAT Y 1.000 (Y 1.000) TAT Y 1.000 (Y 1.000) TAT Y 1.000 (Y 1.000)
  73      1   GGA (G) GGA (G) GGA (G) GGT (G) GGT (G) GGT (G) GGT (G) GGA (G) :  GGA G 1.000 (G 1.000) GGA G 0.998 (G 1.000) GGA G 0.810 (G 1.000) GGT G 0.994 (G 1.000) GGT G 1.000 (G 1.000) GGT G 1.000 (G 1.000)
  74      1   AGT (S) AAT (N) AGT (S) GAA (E) GAA (E) GAA (E) GAA (E) AAA (K) :  AGT S 0.928 (S 0.928) AGT S 0.918 (S 0.920) AAA K 0.439 (K 0.468) GAA E 0.963 (E 0.967) GAA E 1.000 (E 1.000) GAA E 1.000 (E 1.000)
  75      1   GGC (G) GGG (G) GGC (G) GGC (G) GGC (G) GGC (G) GGC (G) GGC (G) :  GGC G 0.996 (G 1.000) GGC G 0.999 (G 1.000) GGC G 0.999 (G 1.000) GGC G 1.000 (G 1.000) GGC G 1.000 (G 1.000) GGC G 1.000 (G 1.000)
  76      1   ACT (T) AAG (K) ATT (I) ACT (T) ACT (T) ACT (T) ACG (T) ATT (I) :  ACT T 0.707 (T 0.713) ACT T 0.581 (T 0.583) ACT T 0.670 (T 0.677) ACT T 0.979 (T 0.995) ACT T 1.000 (T 1.000) ACT T 1.000 (T 1.000)
  77      4   GGA (G) GGA (G) GGA (G) GGA (G) GGA (G) GGA (G) GGA (G) GGA (G) :  GGA G 1.000 (G 1.000) GGA G 0.999 (G 1.000) GGA G 0.997 (G 1.000) GGA G 1.000 (G 1.000) GGA G 1.000 (G 1.000) GGA G 1.000 (G 1.000)
  78      1   ACA (T) AAC (N) ATT (I) AAT (N) AAT (N) AAT (N) AAC (N) AAT (N) :  AAT N 0.212 (T 0.341) AAT N 0.306 (N 0.362) AAT N 0.720 (N 0.801) AAT N 0.899 (N 0.990) AAT N 0.999 (N 1.000) AAT N 1.000 (N 1.000)
  79      1   TCT (S) TCT (S) TCT (S) GAT (D) GAT (D) GAT (D) GAT (D) AGT (S) :  TCT S 0.999 (S 0.999) TCT S 0.992 (S 0.992) GAT D 0.251 (D 0.253) GAT D 0.964 (D 0.965) GAT D 1.000 (D 1.000) GAT D 1.000 (D 1.000)
  80      1   GTA (V) CTA (L) CAA (Q) AAA (K) AAA (K) AAA (K) AAA (K) AAA (K) :  CTA L 0.672 (L 0.675) CAA Q 0.562 (Q 0.563) AAA K 0.675 (K 0.696) AAA K 0.982 (K 0.984) AAA K 1.000 (K 1.000) AAA K 1.000 (K 1.000)
  81      1   GCT (A) GCT (A) GCT (A) AAA (K) AAA (K) AAG (K) AAA (K) CAG (Q) :  GCT A 0.995 (A 0.996) GCT A 0.971 (A 0.977) AAA K 0.245 (K 0.384) AAA K 0.945 (K 0.972) AAA K 0.982 (K 1.000) AAA K 0.974 (K 1.000)
  82      1   GCT (A) GTT (V) GCT (A) GCT (A) GCT (A) GCT (A) GCT (A) GAG (E) :  GCT A 0.971 (A 0.972) GCT A 0.982 (A 0.984) GCT A 0.817 (A 0.871) GCT A 0.997 (A 0.998) GCT A 1.000 (A 1.000) GCT A 1.000 (A 1.000)
  83      4   GCA (A) GCA (A) GCA (A) GCA (A) GCA (A) GCA (A) GCA (A) GCA (A) :  GCA A 1.000 (A 1.000) GCA A 0.999 (A 1.000) GCA A 0.995 (A 1.000) GCA A 1.000 (A 1.000) GCA A 1.000 (A 1.000) GCA A 1.000 (A 1.000)
  84      1   AAA (K) AAA (K) AAA (K) AGA (R) AGA (R) AAA (K) AAA (K) AAG (K) :  AAA K 0.973 (K 0.982) AAA K 0.949 (K 0.965) AAA K 0.568 (K 0.724) AGA R 0.581 (R 0.582) AGA R 0.912 (R 0.912) AGA R 0.910 (R 0.910)
  85      1   CAA (Q) CAA (Q) CAA (Q) CAG (Q) CAG (Q) CAG (Q) CAG (Q) TAT (Y) :  CAA Q 0.996 (Q 0.999) CAA Q 0.983 (Q 0.997) CAG Q 0.551 (Q 0.781) CAG Q 0.997 (Q 0.999) CAG Q 1.000 (Q 1.000) CAG Q 1.000 (Q 1.000)
  86      1   GCT (A) GCC (A) GCT (A) GCT (A) GCT (A) GCT (A) GCT (A) GCT (A) :  GCT A 0.975 (A 1.000) GCT A 0.990 (A 1.000) GCT A 0.995 (A 1.000) GCT A 1.000 (A 1.000) GCT A 1.000 (A 1.000) GCT A 1.000 (A 1.000)
  87      1   GCT (A) GCT (A) GCT (A) GCT (A) GCT (A) GCT (A) GCT (A) GCA (A) :  GCT A 1.000 (A 1.000) GCT A 0.999 (A 1.000) GCT A 0.922 (A 1.000) GCT A 0.999 (A 1.000) GCT A 1.000 (A 1.000) GCT A 1.000 (A 1.000)
  88      2   GCG (A) GCA (A) GCA (A) GCA (A) GCA (A) GCA (A) GCA (A) GCA (A) :  GCA A 0.866 (A 1.000) GCA A 0.949 (A 1.000) GCA A 0.990 (A 1.000) GCA A 1.000 (A 1.000) GCA A 1.000 (A 1.000) GCA A 1.000 (A 1.000)
  89      3   AAA (K) AAA (K) AAA (K) AAA (K) AAA (K) AAA (K) AAA (K) AAA (K) :  AAA K 0.995 (K 1.000) AAA K 0.992 (K 1.000) AAA K 0.967 (K 0.999) AAA K 0.997 (K 1.000) AAA K 1.000 (K 1.000) AAA K 1.000 (K 1.000)
  90      1   CAA (Q) GAA (E) CAA (Q) CAT (H) CGT (R) TGT (C) TGT (C) GAA (E) :  CAA Q 0.981 (Q 0.982) CAA Q 0.980 (Q 0.982) CAA Q 0.418 (Q 0.435) CGT R 0.920 (R 0.920) CGT R 0.960 (R 0.960) CGT R 0.953 (R 0.953)
  91      2   GCG (A) GCA (A) GCA (A) GCA (A) GCA (A) GCA (A) GCA (A) GCA (A) :  GCA A 0.866 (A 1.000) GCA A 0.949 (A 1.000) GCA A 0.990 (A 1.000) GCA A 1.000 (A 1.000) GCA A 1.000 (A 1.000) GCA A 1.000 (A 1.000)
  92      1   CTT (L) TAT (Y) TAT (Y) TAT (Y) TAT (Y) TAT (Y) TAT (Y) TAT (Y) :  TAT Y 0.830 (Y 0.830) TAT Y 0.934 (Y 0.935) TAT Y 0.974 (Y 0.980) TAT Y 0.999 (Y 0.999) TAT Y 1.000 (Y 1.000) TAT Y 1.000 (Y 1.000)
  93      1   GAG (E) GAA (E) GAG (E) GGG (G) GAG (E) GAA (E) GAG (E) TAC (Y) :  GAG E 0.956 (E 0.994) GAG E 0.966 (E 0.989) GAG E 0.680 (E 0.735) GAG E 0.991 (E 0.995) GAG E 0.998 (E 0.999) GAG E 0.987 (E 0.992)
  94      1   AAG (K) GTG (V) CGA (R) CAG (Q) CAG (Q) CAG (Q) CAG (Q) CGG (R) :  AAG K 0.337 (K 0.383) CAG Q 0.369 (Q 0.496) CAG Q 0.577 (Q 0.585) CAG Q 0.995 (Q 0.996) CAG Q 1.000 (Q 1.000) CAG Q 1.000 (Q 1.000)
  95      1   CTA (L) CTA (L) CTA (L) TTA (L) TTA (L) TTA (L) TTA (L) TTA (L) :  CTA L 0.998 (L 1.000) CTA L 0.988 (L 1.000) TTA L 0.929 (L 0.999) TTA L 0.999 (L 1.000) TTA L 1.000 (L 1.000) TTA L 1.000 (L 1.000)
  96      1   CAT (H) CAG (Q) AAT (N) AGA (R) AGT (S) AGA (R) ACA (T) ACT (T) :  CAT H 0.887 (H 0.890) AAT N 0.567 (N 0.571) AGT S 0.228 (T 0.302) AGA R 0.602 (R 0.603) AGA R 0.851 (R 0.852) AGA R 0.998 (R 0.998)
  97      1   AAG (K) AAG (K) AAG (K) TCT (S) TCT (S) GCT (A) TCC (S) GAT (D) :  AAG K 0.990 (K 0.994) AAG K 0.961 (K 0.973) TAT Y 0.258 (Y 0.262) TCT S 0.971 (S 0.994) TCT S 1.000 (S 1.000) TCT S 0.999 (S 0.999)
  98      1   CAA (Q) CAG (Q) GAA (E) CAA (Q) CAA (Q) CAA (Q) GAA (E) TCA (S) :  CAA Q 0.954 (Q 0.990) CAA Q 0.891 (Q 0.905) CAA Q 0.760 (Q 0.763) CAA Q 0.959 (Q 0.959) CAA Q 1.000 (Q 1.000) CAA Q 1.000 (Q 1.000)
  99      1   TTG (L) TTG (L) CTG (L) TTG (L) TTG (L) TTG (L) TTG (L) CTG (L) :  TTG L 0.981 (L 1.000) TTG L 0.761 (L 1.000) TTG L 0.757 (L 1.000) TTG L 0.998 (L 1.000) TTG L 1.000 (L 1.000) TTG L 1.000 (L 1.000)
 100      1   GCA (A) GCA (A) GCT (A) GCA (A) GCA (A) GCA (A) GCA (A) GCA (A) :  GCA A 0.992 (A 1.000) GCA A 0.926 (A 1.000) GCA A 0.990 (A 1.000) GCA A 1.000 (A 1.000) GCA A 1.000 (A 1.000) GCA A 1.000 (A 1.000)
 101      1   GCT (A) CCT (P) GCT (A) CCC (P) CCC (P) CCC (P) CCC (P) CCT (P) :  GCT A 0.672 (A 0.672) GCT A 0.669 (A 0.672) CCT P 0.770 (P 0.985) CCC P 0.998 (P 1.000) CCC P 1.000 (P 1.000) CCC P 1.000 (P 1.000)
 102      1   AAT (N) AAT (N) AAA (K) TCA (S) TCA (S) TCA (S) ACG (T) AAA (K) :  AAT N 0.830 (N 0.849) AAA K 0.616 (K 0.657) AAA K 0.423 (K 0.450) ACA T 0.713 (T 0.740) TCA S 0.999 (S 0.999) TCA S 1.000 (S 1.000)
