8
Aquila_chrysaetos_chrysaetos 0.0000000 0.2574697 0.2538668 0.5660423 0.5653977 0.5314296 0.6380433 0.6241897 
gallus_gallus                0.2574697 0.0000000 0.3514000 0.6015465 0.6086442 0.5593217 0.6896762 0.6601173 
Struthio_camelus_australis   0.2538668 0.3514000 0.0000000 0.5623384 0.5614887 0.5228802 0.6264074 0.6195332 
Gopherus_evgoodei            0.5660423 0.6015465 0.5623384 0.0000000 0.0471386 0.0318677 0.1787768 0.4004115 
Terrapene_carolina_triunguis 0.5653977 0.6086442 0.5614887 0.0471386 0.0000000 0.0395808 0.1740013 0.4132566 
Chelonoidis_abingdonii       0.5314296 0.5593217 0.5228802 0.0318677 0.0395808 0.0000000 0.1538514 0.3501342 
Pelodiscus_sinensis          0.6380433 0.6896762 0.6264074 0.1787768 0.1740013 0.1538514 0.0000000 0.4827557 
Crocodylus_porosus           0.6241897 0.6601173 0.6195332 0.4004115 0.4132566 0.3501342 0.4827557 0.0000000 
